import UIKit
let A = [-1000000,-2,-3,-4,-5,-6,-7,-8,-1,-2,-3,-4,-5,-6,-7,-8,-1,-2,-3,-4,-5,-6,-7,-8,-1,-2,-3,-4,-5,-6,-7,-8,-1,-2,-3,-4,-5,-6,-7,-8,-1,-2,-3,-4,-5,-6,-7,-8,-1000000,-2,-3,-4,-5,-6,-7,-8,-1,-2,-3,-4,-5,-6,-7,-8,-1,-2,-3,-4,-5,-6,-7,-8,-1,-2,-3,-4,-5,-6,-7,-8,-1,-2,-3,-4,-5,-6,-7,-8,-1,-2,-3,-4,-5,-6,-7,-8,-1000000,-2,-3,-4,-5,-6,-7,-8,-1,-2,-3,-4,-5,-6,-7,-8,-1,-2,-3,-4,-5,-6,-7,-8,-1,-2,-3,-4,-5,-6,-7,-8,-1,-2,-3,-4,-5,-6,-7,-8,-1,-2,-3,-4,-5,-6,-7,-8,-1000000,-2,-3,-4,-5,-6,-7,-8,-1,-2,-3,-4,-5,-6,-7,-8,-1,-2,-3,-4,-5,-6,-7,-8,-1,-2,-3,-4,-5,-6,-7,-8,-1,-2,-3,-4,-5,-6,-7,-8,-1,-2,-3,-4,-5,-6,-7,-8,-1000000,-2,-3,-4,-5,-6,-7,-8,-1,-2,-3,-4,-5,-6,-7,-8,-1,-2,-3,-4,-5,-6,-7,-8,-1,-2,-3,-4,-5,-6,-7,-8,-1,-2,-3,-4,-5,-6,-7,-8,-1,-2,-3,-4,-5,-6,-7,-8,-1000000,-2,-3,-4,-5,-6,-7,-8,-1,-2,-3,-4,-5,-6,-7,-8,-1,-2,-3,-4,-5,-6,-7,-8,-1,-2,-3,-4,-5,-6,-7,-8,-1,-2,-3,-4,-5,-6,-7,-8,-1,-2,-3,-4,-5,-6,-7,-8,-1000000,-2,-3,-4,-5,-6,-7,-8,-1,-2,-3,-4,-5,-6,-7,-8,-1,-2,-3,-4,-5,-6,-7,-8,-1,-2,-3,-4,-5,-6,-7,-8,-1,-2,-3,-4,-5,-6,-7,-8,-1,-2,-3,-4,-5,-6,-7,-8,-1000000,-2,-3,-4,-5,-6,-7,-8,-1,-2,-3,-4,-5,-6,-7,-8,-1,-2,-3,-4,-5,-6,-7,-8,-1,-2,-3,-4,-5,-6,-7,-8,-1,-2,-3,-4,-5,-6,-7,-8,-1,-2,-3,-4,-5,-6,-7,-8,-1000000,-2,-3,-4,-5,-6,-7,-8,-1,-2,-3,-4,-5,-6,-7,-8,-1,-2,-3,-4,-5,-6,-7,-8,-1,-2,-3,-4,-5,-6,-7,-8,-1,-2,-3,-4,-5,-6,-7,-8,-1,-2,-3,-4,-5,-6,-7,-8,-1000000,-2,-3,-4,-5,-6,-7,-8,-1,-2,-3,-4,-5,-6,-7,-8,-1,-2,-3,-4,-5,-6,-7,-8,-1,-2,-3,-4,-5,-6,-7,-8,-1,-2,-3,-4,-5,-6,-7,-8,-1,-2,-3,-4,-5,-6,-7,-8,-1000000,-2,-3,-4,-5,-6,-7,-8,-1,-2,-3,-4,-5,-6,-7,-8,-1,-2,-3,-4,-5,-6,-7,-8,-1,-2,-3,-4,-5,-6,-7,-8,-1,-2,-3,-4,-5,-6,-7,-8,-1,-2,-3,-4,-5,-6,-7,-8,-1000000,-2,-3,-4,-5,-6,-7,-8,-1,-2,-3,-4,-5,-6,-7,-8,-1,-2,-3,-4,-5,-6,-7,-8,-1,-2,-3,-4,-5,-6,-7,-8,-1,-2,-3,-4,-5,-6,-7,-8,-1,-2,-3,-4,-5,-6,-7,-8,-1000000,-2,-3,-4,-5,-6,-7,-8,-1,-2,-3,-4,-5,-6,-7,-8,-1,-2,-3,-4,-5,-6,-7,-8,-1,-2,-3,-4,-5,-6,-7,-8,-1,-2,-3,-4,-5,-6,-7,-8,-1,-2,-3,-4,-5,-6,-7,-8,1,3,1,2,4,6,7,10,11,12,13,14,5,15,16,17,18,19,8,9,20,21,22,23,24,25,26,27,28,29,30,1,3,1,2,4,6,7,10,11,12,13,14,5,15,16,17,18,19,8,9,20,21,22,23,24,25,26,27,28,29,30,1,3,1,2,4,6,7,10,11,12,13,14,5,15,16,17,18,19,8,9,20,21,22,23,24,25,26,27,28,29,30,1,3,1,2,4,6,7,10,11,12,13,14,5,15,16,17,18,19,8,9,20,21,22,23,24,25,26,27,28,29,30,1,3,1,2,4,6,7,10,11,12,13,14,5,15,16,17,18,19,8,9,20,21,22,23,24,25,26,27,28,29,30,1,3,1,2,4,6,7,10,11,12,13,14,5,15,16,17,18,19,8,9,20,21,22,23,24,25,26,27,28,29,30,31,32,33,34,35,36,37,38,39,40,41,42,43,44,45,46,74,78,79,80,81,82,83,84,85,86,87,88,89,90,91,92,93]
func checkMin(_A: [Int]) -> Int{
    var output: Int?
    for i in 1..<1000000{
        if(!A.contains(i)) {
            output = i
            break
        }
    }
    
    return output!
}

print(checkMin(_A: A))




